[7, 3, 8, 1, 4, 6, 2, 5] 
Итерация 1.
[3, 7, 8, 1, 4, 6, 2, 5] (поменял 7 и 3)
[3, 7, 1, 8, 4, 6, 2, 5] (поменял 8 и 1)
[3, 7, 1, 4, 8, 6, 2, 5] (поменял 8 и 4)
[3, 7, 1, 4, 6, 8, 2, 5] (поменял 8 и 6)
[3, 7, 1, 4, 6, 2, 8, 5] (поменял 8 и 2)
[3, 7, 1, 4, 6, 2, 5, 8] (поменял 8 и 5)

Итерация 2.
[3, 1, 7, 4, 6, 2, 5, 8] (поменял 7 и 1)
[3, 1, 4, 7, 6, 2, 5, 8] (поменял 7 и 4)
[3, 1, 4, 6, 7, 2, 5, 8] (поменял 7 и 6)
[3, 1, 4, 6, 2, 7, 5, 8] (поменял 7 и 2)
[3, 1, 4, 6, 2, 5, 7, 8] (поменял 7 и 5)

Итерация 3.
[1, 3, 4, 6, 2, 5, 7, 8] (поменял 3 и 1)
[1, 3, 4, 2, 6, 5, 7, 8] (поменял 6 и 2)
[1, 3, 4, 2, 5, 6, 7, 8] (поменял 6 и 5)

Итерация 4.
[1, 3, 2, 4, 5, 6, 7, 8] (поменял 4 и 2)

Итерация 5.
[1, 2, 3, 4, 5, 6, 7, 8] (поменял 3 и 2)





